cip_id,sip_id,uri_id,user_agent_id,site_id,device_id

4994	11	1171	108	2880	5107
4994	11	1171	108	2924	5107

5955	14	1404	1596	3956	6082
5955	14	1404	1596	3997	6082

4994	11	1171	108	2900	5107
4994	11	1171	108	2954	5107

5560	12	1273	13	3261	5680
5560	12	1273	13	3313	5680

35, 36, 71, 72, 201, 202, 50, 210, 212, 51, 120, 121, 90, 91
35	1	3	29	25	35
35	1	2	29	25	35
35	1	3	29	25	35
35	1	2	29	25	35
35	1	3	29	34	35
35	1	3	29	102	35
35	1	2	29	102	35
35	1	3	29	108	35
35	1	2	29	108	35
35	1	2	29	34	35
35	1	3	29	25	35
35	1	2	29	25	35
35	1	3	29	55	35
35	1	2	29	55	35





















